298960 105232
95688 3393
353237 62217
4974 3571
241892 8
234866 60961
397808 171
235841 5795
233022 267152
110598 88
270663 248
420607 57543
225505 3549
326123 326124
184101 73485
362440 71601
154813 7698
12961 88
77058 128781
341679 68278
260155 14650
237395 284374
329485 68278
4509 61781
231425 88
167177 9175
411553 2839
355926 1553
309074 40298
138800 13641
113979 28664
226146 3549
157354 113944
32527 2185
310906 81236
64345 88
443469 352
265505 112050
363476 7627
131776 5226
329829 1292
124254 7627
330615 16460
75290 42974
443822 206
307074 249589
259319 14376
58912 50733
439445 22349
393932 1988
162755 3571
390311 14454
33642 60810
341261 49159
232947 59542
162399 16344
57763 172959
37319 91500
34479 2567
78658 979
283287 263179
429519 68278
137242 103921
334946 1062
423419 66278
48556 349
394113 349
408216 69779
126681 88
401556 2347
181064 22779
270233 69417
180798 979
299063 519
148121 148125
86988 65544
132850 349
118476 88
115999 7436
41863 9906
47217 857
255712 88
82945 64997
20919 34963
117145 3571
387476 19153
211314 11714
251419 3393
38738 66793
273314 205
406231 59945
258838 88
203496 7540
57688 66111
41285 468
106351 3393
131387 132690
50258 33833
43055 71909
269608 2014
258985 10855
248893 48073
222053 36875
252417 59
428012 6948
207165 35248
388272 677
53228 14564
34233 14549
100215 4446
194669 5245
36098 901
261729 3998
134870 140765
398486 11792
71551 14628
219942 82343
296851 5193
64441 1945
209887 4076
4905 51704
81983 13854
17212 14454
396218 349
283882 88
142488 54843
51893 1298
121170 49159
375827 209539
293265 321295
74731 51742
17009 11666
198962 20244
395549 54890
430115 430116
132030 6674
283450 6948
113665 503
132030 6671
121392 1276
257001 65707
329758 365422
378985 182862
92796 88
316223 65380
354972 304215
50739 25934
243560 1988
175892 744
181537 6686
38535 14085
42131 2417
31404 88
239497 44869
16823 16800
411340 418581
406863 30185
307073 19908
284254 40298
34992 2567
104410 71
72455 40167
206644 17155
302336 88558
165626 88
270918 119799
41208 957
290226 34324
79660 43597
284015 2695
88327 92039
141507 79243
60041 6940
424126 213
224893 2402
140788 325694
26528 19840
254665 107231
216522 2342
1290 251057
56062 677
327801 86851
318620 65380
37234 5245
78328 511
37484 16344
196534 31650
5410 2417
99014 11714
406873 3549
305988 34268
397704 14572
285268 4076
63945 14454
427457 1988
218852 979
96920 27635
41644 48436
128425 34625
54713 4929
155101 14454
397197 7436
53301 33355
98682 52015
117799 88999
319353 88
344109 63773
87354 32709
363804 510
64613 2175
273022 14564
347633 1292
358040 4883
206492 7675
83063 28285
60453 12466
329028 68278
80306 408
211962 85592
247410 51742
197725 88
440939 979
443368 335
340465 299652
147105 109918
103285 65008
147062 240
277264 34236
287467 385709
157945 130884
59964 2662
95289 7756
456357 750
423701 4730
193921 74717
156695 130884
53060 64911
221418 183181
76813 88
266386 28006
360756 36660
390459 314
50244 80429
141185 39420
368543 53050
101807 101414
401836 66394
385673 16452
912 1027
221746 183557
396629 69417
131127 88
5116 13813
270393 67774
160968 57543
305678 245187
364432 280
51611 106226
392892 68278
84029 22955
383924 81822
212765 196160
26151 677
44210 67501
415575 101053
448874 14431
109094 2247
131729 349
47635 117639
91345 65004
123966 5245
123880 19992
139025 19908
277703 77432
106523 163750
7804 14746
40253 14075
241764 519
67011 20359
13239 88
344922 19153
329437 14454
423606 8732
311457 14615
361958 283
288893 2353
122975 5335
154857 13633
9239 103835
354101 283
173368 117361
426671 122128
44267 3994
45786 46235
375839 58210
274161 86
136387 231650
328560 981
181570 8
245097 3629
330449 35481
28399 8942
86180 88
359477 16527
170276 2188
382034 14454
292979 960
209538 16344
431826 203735
333796 39511
237166 221824
74533 7566
310751 8984
154092 273779
90596 39511
283316 268
184606 16358
56630 2948
379086 31957
42181 52908
210403 88
22288 208518
156217 1988
352572 40214
211369 12751
449744 45884
239464 88066
178893 140
440568 4730
53775 5226
259271 35216
432109 349
450650 14454
10595 14454
438703 88
19818 677
290275 88
406701 133537
227254 81756
228613 228611
262832 1274
128773 41566
104411 14454
297764 8208
316239 253
400338 51639
79539 28664
448469 43371
263871 37532
135429 62903
174448 13506
243391 191781
106564 17145
220820 4076
43675 349
88273 36861
386683 40298
110897 8498
235514 138
416134 81198
108880 108879
175027 88
90922 44996
77555 14565
353536 436566
242719 46754
410935 14935
179258 762
74987 43
393111 25934
321597 31816
67480 12914
324655 145349
346272 64203
82729 405
340626 35295
21150 130884
30281 30279
395580 78701
396857 31248
372659 35481
108395 88
101070 209539
61665 97035
147521 1163
97260 2412
57372 14625
249568 3298
361165 29225
152328 9682
67210 2280
253238 2342
192633 339650
59234 51704
334725 69417
41767 891
412479 115382
384521 12687
425707 6948
30176 79164
210360 2567
271786 16460
195466 179022
5772 111144
316727 14572
220753 170725
381321 236213
214278 39889
20632 349
390377 34851
20595 206
83970 31216
146847 8
377612 19913
82516 35481
27285 349
297896 140038
214895 77432
384408 7627
163573 14672
96217 2567
1701 88
226933 37199
86344 15998
83458 677
431041 132001
238698 7898
130668 56308
115070 85437
92500 16358
50836 80068
393265 6948
330859 22734
404536 205
288724 3549
349281 191015
250115 14454
277971 6948
418632 19559
394389 48192
280626 434500
102082 118818
112028 12465
152690 50361
19455 40791
249480 8942
265542 298824
423989 34801
321402 68758
77058 54200
400754 8806
399764 34797
122874 27976
214563 16715
169506 88
316985 7627
153798 857
341124 31292
432892 113099
203006 21535
444698 960
4171 11991
116614 238884
230214 14454
51518 20293
137745 19870
32676 25887
76276 1267
319486 212004
454250 3334
289789 97023
148933 11714
252229 2567
114661 55565
332178 362832
34038 27028
376471 7533
375065 5245
390237 14454
337595 51742
187171 15
95510 20167
255820 2870
46356 35843
181621 2014
422533 9762
396865 8767
376244 404499
325014 85042
278489 5813
81023 34268
136660 326
271325 53843
238558 15538
287816 283
394066 41383
116772 4893
246543 24040
366079 103613
34922 31698
224006 6929
61062 3998
110601 174391
190628 52476
203134 12778
332458 69417
225177 20329
301396 106825
210395 14454
387522 5280
32536 55727
57460 14564
31153 1361
125097 88
220710 1988
378399 378398
13117 10923
184537 27147
43177 19593
44557 15769
139098 7825
38326 42182
269666 14887
24459 8016
245674 86650
15477 5243
1912 13813
431560 2059
345943 4076
153110 32507
61056 3808
83868 207275
57987 71598
402664 677
67674 52474
216643 10924
157996 178717
423681 111391
150393 14454
121813 14454
125963 19913
134367 3994
1362 735
192409 16460
232390 677
426489 88
140796 14549
242591 69417
173766 13383
260165 205
298038 30973
2599 332999
199226 302647
421109 14454
19192 4259
249128 245
321012 39959
214169 20624
301908 5307
158070 181033
421490 8598
175468 768
432710 22084
207261 250519
366503 271977
299060 11568
242518 231650
272272 2014
395187 194092
255484 15
137358 54060
280798 92274
41504 35376
218783 88
234217 206
249650 1895
220429 2179
206570 65301
370032 112503
280334 1988
404085 16011
146844 1988
60613 19150
218015 17004
12363 12465
283875 1503
194442 54732
34931 2166
418688 1852
330180 519
155771 118912
63729 16527
304710 88
281311 99156
442622 316763
262747 57882
341409 14648
180361 274
213044 677
150043 34268
272994 8806
356583 519
292851 8806
180183 14584
82678 60002
175271 28705
173283 9964
355932 122030
43210 53449
385339 35248
63866 1062
71860 25027
403716 96622
4114 349
298569 88
54306 54290
68397 20293
263957 183939
400394 11991
112564 77
249965 27744
245050 92650
188119 1988
95420 57229
45745 88
195758 349
388855 19913
188080 57276
54873 16715
363319 4526
96073 1521
72388 1503
205202 5071
134539 5226
80101 14907
340149 41240
105982 54009
441964 46947
65327 88
38848 11714
29491 511
306570 88
347163 386155
350020 350021
60367 14611
228356 287085
191197 220
195548 13813
284271 16460
27734 20919
37487 119543
397925 47666
138513 98943
49530 49577
195922 10855
49474 26661
310127 2156
333835 2353
17246 3571
204934 13416
330096 7533
154285 98204
128882 17004
211398 154793
430826 9881
82902 11785
308452 51746
354481 31224
70461 5280
169331 47794
353945 40797
374932 88
57739 54039
329832 71216
352439 134198
136419 4720
341564 31650
256238 16527
252030 143824
114370 138
5856 86904
262419 2287
142435 33175
432781 2080
354761 88
239538 14611
224525 25007
185963 26153
143029 125035
440722 34787
401504 1988
110209 243650
49993 16968
83298 992
67581 45605
44262 12999
190666 43673
182866 2700
175583 67032
303221 23680
27674 16690
11597 73505
2062 21585
145323 11714
6072 42182
317043 439
76271 2320
41272 88
335492 3235
234781 16440
350052 8
11465 111512
393319 1274
249283 301
134824 2244
6913 677
57868 16547
3171 243
47868 9964
155666 14064
285814 12510
152658 21280
176147 88
114872 36216
88915 356
55152 102524
18246 88
414587 4642
211469 503
230370 135630
27059 329287
402050 135544
118042 14454
177685 88
232175 106282
201436 19913
172392 81292
36984 135110
146637 88
393442 14454
310446 14454
87372 46030
171327 79232
122418 35843
25706 2567
102505 34236
13808 26158
90651 21570
80288 91430
85733 88
15213 349
20600 957
398592 49178
110170 84
87564 28976
364373 24099
99896 2071
225554 960
449467 88
37495 14577
314538 333478
211580 14584
136919 136913
19541 29226
297893 523
260255 88
13716 2567
276990 13416
223088 14185
387833 3571
202851 69237
91833 18781
56244 25917
200318 18089
148993 519
48057 4378
211343 1988
351385 56053
70165 2671
111657 56797
319378 75846
417133 368955
337439 15
424611 205
325059 12687
258802 234284
160256 8135
56670 34268
153034 63394
352814 110687
389117 62215
47810 162209
24054 86810
100433 39464
33867 88
159221 14648
174762 3972
419743 88
74870 213
45639 41854
43400 2695
20208 4696
285440 15210
60613 52164
47053 9363
374600 1988
128314 768
98625 1134
133298 4130
337604 44456
330726 3393
129848 1104
7482 3633
89019 243651
427003 2348
344640 309251
423621 7698
274908 374
335733 36228
33333 14454
261943 206628
152895 89012
181190 100127
30957 122200
189047 553
375525 9964
381648 60169
151231 677
406818 88
208489 193952
191090 294416
64340 36940
74270 3808
12159 677
150140 374
437970 2417
271967 86
281208 30578
179112 3726
265424 117109
152838 14454
45463 52476
63820 22816
263302 960
34236 66287
88708 322
356286 35481
209441 2173
148281 14945
318732 6958
406534 30230
215055 1988
2447 11710
244510 35843
330302 159463
35570 39511
209711 3549
61356 60493
433593 37528
83131 35062
96061 8303
285739 34312
338793 36244
99038 102436
220109 16746
101343 264285
12122 1988
370908 3237
44458 118818
382937 301396
150731 88
331452 251042
119274 14454
95833 33461
371424 27037
160133 96243
201369 35366
266285 12281
169785 31650
5632 177370
267738 51746
71527 61118
196379 13633
137549 30635
131865 130884
107019 59945
107772 11197
63232 88
148318 4708
250431 36370
81418 29327
451934 356
283641 56677
67976 8767
436193 7627
17761 519
93275 6694
237422 28462
249363 12281
263317 14728
410854 279520
174878 142907
1898 11991
93815 25644
69542 42922
251363 132690
414869 213
63929 71
432235 41206
102695 88
349626 42687
14064 64722
111578 8517
373870 960
215404 27483
382864 2824
300756 352383
83428 98204
148066 1682
198584 1274
121529 88
68701 51738
284214 117737
211323 115127
223784 206
14460 1988
434356 89016
396896 396895
239598 51766
151331 39493
243448 49159
37168 206
331198 78
433503 2567
98210 53920
45355 2567
350772 400257
131561 17398
368849 16452
345217 294416
76920 250519
15467 47833
208482 226284
127845 104574
35985 26486
386559 31534
223687 21280
218777 8021
79101 39291
38648 1317
397860 3298
53708 79501
17868 20385
25014 3972
271657 349
224400 47794
266100 88
332850 239782
74720 2929
216176 7698
33300 33295
368986 1267
366354 7269
336532 52200
1637 6868
211583 42
128102 42503
23271 47329
296648 24191
399293 349
397649 138
88017 72632
403134 67032
267774 6929
294486 11714
215461 110370
259883 7566
430316 34719
445480 3237
255471 3235
217814 49940
417902 88
101570 519
23677 72996
179789 11443
307688 2402
132498 132502
333000 1988
69159 26186
263243 39374
305717 236
112098 84758
146748 14146
225785 53795
96368 98645
126580 177727
161822 2280
21749 359686
131198 3972
252114 241004
79748 36710
203307 2670
110714 110715
291757 765
44775 9964
198858 2347
127308 110608
415183 1881
246220 51746
359966 7540
180056 3998
149356 28685
244380 8942
290024 52406
42055 104785
407412 3726
395701 14075
271969 88
110992 31443
431412 14648
251225 132690
18471 17087
258903 14572
279753 1574
4476 5335
60867 677
124506 2342
411309 96622
83968 70653
139141 8021
357178 34719
1155 702
191070 29461
308074 5193
372806 37437
314131 34746
192704 192702
221006 9881
60979 285609
123511 677
63084 220
258499 239782
165344 19604
387788 3197
259979 14454
381050 31957
385159 60169
4796 8005
88691 1988
99107 6929
41799 29027
31231 58992
244446 88
95783 104288
395348 7675
346818 14672
67048 76309
303946 114701
6585 118176
66130 24911
200879 960
256316 1285
105559 109154
123743 8016
330810 5226
433019 14584
384513 384512
48226 16078
292372 22290
257333 27738
338123 35481
234513 13798
262603 1880
215661 130884
275157 14454
96408 308783
218133 7691
454474 19908
196887 88
29665 7437
318382 51527
320361 62209
106668 8603
56282 22634
387476 65301
233116 7627
386295 294416
27707 8016
256846 347745
224578 42459
38902 7690
237270 167160
144185 124119
381305 920
230495 4708
276079 36371
236842 49553
107613 14454
52908 90083
56757 61753
19713 10692
228610 272834
307263 111447
271560 3237
121366 39016
391581 34312
319385 12755
226844 36371
211422 17004
421707 88
238641 188032
5492 8
10488 71
441516 75830
57486 14650
43170 3479
387084 34226
267493 26551
442551 60512
229616 88
141691 6241
197613 59945
2570 43085
137273 59012
341610 73337
379231 43998
321901 162124
52244 3237
382158 68781
18587 12687
12621 47794
254577 65682
416854 14454
148827 138
62559 45144
157450 7782
52611 188805
385753 206628
61123 57122
32892 6423
256345 299970
272482 176954
378075 20982
321764 11891
155384 5011
165892 14549
262249 85042
445606 5781
441359 7634
416375 7533
172780 34268
169516 94
388359 383
314374 55471
101075 75953
78745 1343
432049 8110
46299 335
79280 92049
156435 78528
36187 31564
179143 99369
103498 5011
343843 5226
410464 49179
141691 3549
370636 30225
89883 16323
20923 4885
357365 88
163276 280
455124 68278
277933 677
175711 2193
91184 4200
307101 88
248867 14454
337627 1834
50990 15769
106055 236
294272 122464
151424 220
67195 565
386735 891
334037 37832
10171 3361
416362 310
56303 3571
259849 1988
157424 677
19568 979
33642 156668
345605 41240
415829 3259
124592 240450
373502 141501
453358 465
18080 11036
415778 216
72947 56860
161654 49182
40190 47794
215162 36312
428511 3419
219855 677
199391 86909
27701 92575
365534 31086
324245 134837
405643 9323
436333 677
372895 219981
355188 429082
436482 5226
270893 4535
62912 308554
162078 81872
259754 677
246478 2670
71194 31969
415166 7932
211430 307083
65747 3015
7453 88
182525 11946
173503 920
344675 88
152483 13122
438474 112047
337128 28476
394600 231650
186957 198048
4689 143
388402 68278
362159 16783
247899 1270
55584 13416
7617 88
270945 4559
110807 14075
29857 3226
16523 14064
350896 355354
136134 8
355138 76165
11542 23159
49825 327
150566 88
304481 59893
135552 5226
26674 104281
313435 96622
65265 61890
368723 79648
333695 14615
104567 53143
52084 14454
131135 214
139784 16452
65910 145509
152845 20920
63906 152276
65531 57122
38991 6793
183014 76592
189889 356
3430 3419
61866 19650
60191 1503
437942 176415
82216 33713
169101 29267
101703 80491
11135 4665
43352 3807
93319 444893
143884 3549
50215 3972
104801 104259
356512 47518
331677 10855
299000 351567
76940 49123
154943 36660
70515 67159
54459 8942
225799 125035
57674 30813
269982 283
63709 27740
326755 4446
66837 71364
323600 7533
237924 13830
9373 4072
250019 52200
34731 7639
455007 4730
138622 49179
247885 5005
283362 138
124970 220
327723 40558
446360 519
452934 349
174054 3726
409667 519
64132 8135
58405 1988
361497 31650
44544 86851
354618 9226
134070 8767
51181 12751
163749 64835
318980 8016
221495 1988
90243 25890
19647 7898
451337 205
51631 62133
240320 5716
226416 6373
226441 18168
431447 37528
344279 86929
273934 189733
271680 7533
452630 200057
418993 2567
91147 9226
339495 16783
274918 34181
155660 26204
359620 14572
361926 16527
113965 3549
386097 90495
373500 36368
32869 77
100592 260683
430002 34268
221610 23680
53370 34305
409820 69253
112916 88
90183 227012
128097 35369
200430 16524
243047 150136
287685 63327
216392 677
216046 8208
135152 77070
147223 88
210740 1322
34893 168
115074 37219
334820 1274
66089 13765
294274 55817
127503 33743
3010 245
322232 101410
329640 15
306537 16460
38187 33599
204038 359960
93184 158358
358120 31650
92094 14454
213188 9964
415386 265613
2373 33070
180907 220
344548 52502
70528 113625
428541 152632
43554 27044
116277 3393
36757 117517
194260 110608
276795 396
128571 143
215189 287085
22823 22816
240645 407454
408582 35248
364466 68278
358392 34910
223682 16096
430292 300710
268834 3604
3066 9192
65003 47015
347101 68285
276575 16527
309400 6971
281091 2342
113120 677
296197 91500
8523 8443
389754 245
28977 6723
453759 33383
301716 37559
58149 14571
278683 216
190136 34179
282071 2280
55792 10309
362942 36216
357319 8
116687 14672
152394 44240
14725 197986
52182 88
384610 90136
83168 6929
101452 88
420727 14454
110593 29223
234418 247167
270420 371576
209919 102295
176943 519
159362 23071
57528 14611
75407 327
442891 1988
226655 503
126057 489
36168 983
252398 715
221538 34268
177746 2417
23368 55109
83706 88
214575 161273
323205 35366
332561 16529
204476 4446
388161 205
398685 3726
129276 63087
315960 15
69127 57105
191942 7533
169829 233226
354090 109872
394377 85042
253689 217514
401455 118818
288066 213215
80920 88
148436 19870
434962 198081
60233 1542
299670 323866
166208 112733
391909 59945
273636 4446
451314 2347
531 12928
77377 18700
35344 39124
372673 14957
63584 349
243039 71162
267563 268936
292201 198081
356472 677
188570 4259
110712 85586
54584 1945
451352 3237
292013 2055
99129 41395
219417 3549
323741 85431
425149 16624
92625 206337
93220 27295
150330 356
243475 69253
198730 30992
450878 205
43055 91948
423759 356
59110 828
353102 677
253494 69733
11049 5226
17540 85316
164073 88
111007 30230
111286 8806
141129 130884
178232 52469
309000 13765
306774 7937
186996 2417
145798 1274
291030 1276
392571 30039
316307 35481
240656 519
157446 2014
67563 3237
274474 9323
360790 294416
44218 59866
118379 27964
38535 885
157940 64911
132767 178368
47939 4076
384660 6948
22745 3773
105393 1002
124356 15210
228012 5207
435337 3998
261513 57
51726 10260
203790 88
360998 28913
93096 69032
352534 15538
123619 14615
364538 14454
319578 72518
306761 324040
147395 9363
179788 88
198691 505
138192 3571
166173 352052
140531 9881
427182 7644
203889 396
138713 7691
110476 131108
17155 39885
268710 10942
446531 113099
199665 25312
152011 677
168052 121428
218193 19604
360561 206
8511 115382
6203 349
378873 9682
82799 4200
95872 3726
121785 49179
8036 8032
164761 109433
17206 42291
402047 57021
96979 5137
183794 236
431176 228894
437053 9363
64159 35738
124980 3571
129556 125116
47935 349
233815 677
57202 6971
238717 57982
49585 33770
390024 759
435653 3393
183074 4433
78290 69779
68407 39697
345126 143824
232256 6948
142895 181690
429144 88
49624 2342
397632 66446
257947 238834
368075 20522
233541 1988
170877 288958
172981 15821
156691 221824
72905 4446
102258 3479
198000 7923
8815 8757
273502 154986
167616 98992
268176 322
360094 8920
323967 131117
21127 17597
179257 677
183892 3998
12404 21634
155471 26486
267614 268
230563 132690
44659 69833
254392 30463
191879 13416
87158 88
113711 27712
199210 750
196118 6940
387682 4893
144259 9974
403943 356
241376 13798
296524 8
198250 14454
340692 43689
142631 173845
323419 220
409549 27744
416452 19995
78859 31650
452012 33831
145675 4076
412928 5245
221717 8942
95031 125816
20366 7918
6088 68140
335718 19604
324490 7533
137674 11991
279076 383
335633 9175
12669 142499
17573 14166
399995 14650
247050 21996
27734 16344
288499 20096
213802 163229
43405 5444
33087 165060
369470 16344
285585 8767
102752 88
284594 59542
45188 7274
28691 29264
26388 349
349144 82299
99500 88
160421 1961
267237 3419
116963 2567
363194 3237
189846 9964
80345 232452
269089 180258
281326 246839
393365 406185
317366 34268
364464 88
113269 129441
60496 206
121537 48923
425890 6525
255412 17902
133794 166397
319302 104136
68285 1276
389028 14572
75036 677
229527 231
348391 34282
305724 9964
452830 25094
384499 283
234209 42182
331521 88
79428 125042
225269 45014
403788 88
228365 349
437695 34305
300507 88
274814 13249
157852 30230
276310 88
278393 752
153216 15769
285867 68278
60971 28515
403420 2594
394173 57138
125748 88
11420 88
337842 39524
103503 317
147639 38133
370666 68278
445374 68097
215799 98992
75316 3808
415182 98138
369159 1988
419014 250519
160484 268
338637 14648
60069 22630
273368 31836
113824 505
298264 51745
23673 122209
67619 12983
127452 49122
14593 32972
125259 1343
194669 8208
24690 88
230292 3341
402528 6929
234289 53331
57006 349
243775 11549
90377 1988
286913 297049
102352 37502
448518 74604
6765 13808
274462 48152
293165 330
67062 250519
139910 2567
92934 92920
9069 86631
160574 12914
230771 9762
158955 88
156248 20373
88826 1459
275084 36114
307671 126058
108134 1988
176266 30903
158209 88
98308 2342
428325 428324
104014 88
180854 1988
178456 677
450034 113163
185816 41812
19749 17004
423116 428103
68654 88
350988 59945
222402 99369
74662 23725
302529 19604
168487 8016
29285 169730
415783 2347
205262 30800
236989 236988
428411 16452
10156 533
400391 50901
77727 15536
455304 1988
394974 283
264399 2055
322139 239369
384696 122488
97222 123942
115562 138
75453 14946
57442 11677
306448 75369
376846 37561
339230 14075
46095 20056
274124 276023
11769 677
266622 38103
244617 5795
167004 221600
284558 259742
189855 1373
230165 192967
300057 14564
309236 88
427954 75369
253979 245977
120841 7427
170689 30153
324323 14677
302712 198678
403587 335
58164 101184
173543 35032
15903 677
104755 8942
126205 2166
331662 14454
14788 519
455468 1274
306553 19913
224238 11329
291895 677
273310 58739
217981 150739
150475 816
420337 131446
51319 40973
3162 233
352397 8603
48062 6429
61276 979
229247 39959
390296 128146
317404 14454
346882 14376
212591 224949
45022 55158
330602 236
230991 88
52597 74324
314688 27037
94227 4895
236944 10513
110002 8835
210068 4526
444928 53258
212030 130597
91731 750
378459 120742
43276 88
216247 6742
394659 14648
123403 73729
337107 8016
18878 4032
181900 73075
342398 88
17793 213
333499 14454
431010 14572
212854 8005
160495 54214
75299 21339
318276 59945
331213 283
340048 68103
362939 59529
78411 88
252782 249081
295643 206415
206407 21643
277884 88
172466 341056
6031 7259
221317 7932
314013 7533
25083 161696
336107 35597
375876 13824
317619 5226
35386 1343
10840 10916
120955 220
132029 6646
121760 9025
139567 85424
117050 29864
298774 14664
428961 677
232591 27
193262 13633
23278 132690
68954 17933
249359 93632
327296 63790
310358 86
143548 69648
84679 1647
162819 11329
375345 3237
288522 19604
191431 274
248191 105460
137220 2348
248951 95905
127833 800
265443 138
2686 188
371216 677
378549 323
398916 398917
174733 14572
138142 3237
56251 156581
221022 8512
72394 33674
162289 21870
212417 3393
217349 99
83982 9964
92162 13083
392522 55466
165168 27564
381732 4433
225212 3549
438516 9970
352105 59915
183212 14615
81190 31380
136053 47162
194635 181525
304717 26352
167474 1415
58398 90083
183329 28250
301476 26186
78663 88
69883 2173
85056 224474
86952 2662
387014 14454
64550 19913
20295 68446
278490 5226
74105 4208
280396 88
375449 121553
241951 241950
360703 109379
57766 57771
279319 383
306646 28517
385803 88
28967 4929
89520 135896
402804 14672
212039 35604
211340 3998
162024 1134
76539 48344
159448 19913
77695 857
353598 68278
314006 88
186197 356
55994 118222
208118 431303
304244 519
129797 57105
101077 57411
167141 78895
147369 47794
93801 48154
298668 298669
358268 23716
355335 349101
261020 867
364667 15
138036 433454
145109 160793
25674 349
363340 49408
167798 68099
214416 23464
116694 3571
417274 55963
172985 14454
287133 6948
290353 283
317057 205
64061 389
267202 168809
337401 57504
218585 9881
222771 1988
448908 16697
71364 54217
45843 519
320597 117155
104966 1002
59501 16344
25241 11564
326070 3726
132229 979
139663 506
178274 338269
42311 7446
348879 88
238461 2138
338127 5155
412073 7627
53162 61448
453667 157551
357938 1503
53708 53731
407076 407077
121638 511
3972 40185
455579 34312
424081 14454
194159 209944
33620 30513
408551 104679
108434 27982
74324 61527
5597 88
272727 822
323388 323389
394366 25784
337800 5193
339621 168247
36324 11443
89202 7533
187532 352
225763 78114
248129 2679
177053 88
450976 14572
345815 14075
325434 8959
358688 12311
341315 84150
391607 396
244005 1503
262626 2870
211063 161169
206247 957
303072 13813
288186 65070
50228 134319
388161 14813
434622 88
58283 15488
55270 11543
378950 58028
165485 463
30356 65864
182103 86
125931 5918
146084 272834
87805 1828
248122 206
44832 32894
355498 8268
334019 3549
272462 47135
97263 88
133353 960
55530 13341
53626 79423
82445 75246
429199 88
192483 3419
274869 88
101584 47286
131673 94918
166173 2188
322807 283
61300 111091
403399 34312
279680 122488
440162 3419
379734 43518
267079 503
74213 280
113774 387
159741 3571
164803 322
167279 4368
71410 13416
347005 75369
222672 20287
194711 20246
42663 1276
383832 2138
35146 34943
218663 302589
347042 7404
178680 15488
73176 30226
233368 14615
86482 25388
40620 40612
36852 31650
192624 26186
445901 979
227142 102546
429298 64911
82107 186273
131275 14572
138754 7689
174924 20287
59180 121127
414368 34985
136308 69417
207047 206
168586 88
96542 12265
109672 56687
156495 7590
19458 16460
357380 68099
14588 57105
198829 37528
39942 3020
28375 1988
77192 677
367717 2567
313310 14650
71516 20919
319374 383
268598 24703
299238 16460
194430 356
288136 2059
327774 489
297746 56968
275224 23666
129656 153677
32675 2179
228472 88
297806 297801
300193 14454
83351 11946
352999 5013
104636 55619
348082 17507
54758 81292
185495 78272
304700 13821
357700 232583
24694 14454
287195 122449
302037 216
167745 41278
336051 6971
394974 26930
400531 6948
148243 37545
343344 23680
333413 86799
441306 11792
344262 12281
185569 46243
5441 63327
446553 356
392112 40298
332230 5516
110362 47301
373901 4200
268412 12465
432520 317
334028 105398
131091 57159
165635 46713
178165 8
339906 205
94386 3472
265408 6940
6666 92584
291285 1988
136867 9362
83510 10463
346314 3772
385030 68729
453404 33313
15799 10924
156869 1134
246543 27738
241306 13808
15801 1988
124414 6496
246536 153717
314478 349
229450 12687
307597 2934
24654 241890
215285 402
36864 20752
61566 22630
228885 1881
31857 6940
342455 60169
76896 97232
291837 326
199924 199926
354973 519
309592 51
262483 31650
77170 199842
403605 57185
221281 979
85492 349
271354 1062
283559 9964
111725 7533
426086 5245
105278 3571
446057 26550
54009 88
270675 220
285143 3571
438997 88
401290 276223
36729 32204
101973 3571
394689 39106
95566 125300
220652 960
74928 3233
143945 1274
122563 245
131941 19870
52817 63943
64729 47015
130674 8582
79007 37561
261424 2353
128658 14454
36734 8303
115941 9964
281002 86844
125434 2290
186024 12641
283888 5207
191445 250519
401926 14625
93224 373277
91245 91254
338590 77038
45395 1988
415792 8321
312151 63378
133865 71141
216911 960
52317 2567
36309 43549
223825 7825
159109 1231
396945 55951
266189 7533
290277 59543
423413 59
252624 356
137016 205
28951 3998
164633 22240
452799 31508
297352 14454
30598 436092
153139 14454
294087 31510
340140 50297
285719 1988
111048 65380
190113 22147
14224 47169
54453 88393
429835 425496
72710 1805
238715 14557
415787 463
64113 32972
40316 14549
203002 1988
220833 5206
107507 26153
281447 19913
294752 107335
71722 69417
196613 72658
298306 88
89621 1274
30065 67505
236756 4200
292714 26648
177764 26398
131726 8208
343226 36572
388238 205
116724 206032
246625 13249
225627 88
342003 359763
21054 34519
143315 55114
358802 16344
448567 358
138333 39734
15493 88
67565 88
311888 14572
59905 35352
151382 213
334204 334203
200483 960
45760 12465
90011 8135
171171 54217
11547 2351
385985 464
449618 198048
326513 14454
48022 349
326979 1037
372070 303263
255725 148789
245985 24062
411348 16527
223372 88
429185 7756
99950 38672
346995 14454
294049 29321
313281 14454
385443 323
257376 88
14663 16335
362925 9964
412595 4444
279316 88
322085 5226
90532 35843
224484 88
327719 338884
108521 60152
91365 43
115433 35180
29344 973
310428 14564
109790 153044
179099 275912
410280 216
31107 1988
131648 129069
105388 2941
279413 1298
388170 80257
433177 88
324141 72883
41979 16460
155033 408
303318 161634
293174 677
215071 3393
86387 14565
86387 14564
80328 5226
2292 1633
255856 88
203483 1834
448157 519
218701 88
330125 658
315308 315309
93721 184532
399522 88
193106 14454
124384 103886
237163 88
49825 485
177998 88
292276 1274
53723 349
250451 1553
313368 138
68788 14454
419192 48249
147373 7691
295999 6971
99632 5172
158416 459
173634 750
182088 15536
396086 8942
12494 16824
89359 2166
173634 759
136122 24007
51181 7383
419754 320588
43036 67163
78926 11710
439354 217199
112062 14454
256282 677
136908 42643
141049 109270
90578 6940
3677 22303
211152 6742
259649 157562
247512 323
276438 677
146292 553
172698 15821
134654 37523
355638 2874
51878 1896
76423 308
183105 205
253042 5226
6585 181044
287640 88
94597 105339
94281 39074
194180 9142
271149 88
421271 1343
300353 6948
383436 38009
237260 32202
392657 94
296460 57138
239430 8424
26511 88
421021 75441
281077 8477
370187 267269
205741 960
131681 519
130178 112613
191104 77842
102339 49182
257424 981
396117 35295
660 77
62273 677
97830 9221
112888 112892
230311 112145
38966 3571
184598 35481
220875 507
31169 88
92239 88
11717 30324
221533 25934
329401 1988
262416 23660
219619 16711
366596 366595
257190 43689
184761 37502
336583 46568
99932 88
301681 34268
316944 330412
146787 134118
351461 28462
392410 7698
237343 6241
43937 110124
149946 12448
394718 6949
276188 16344
120857 2001
27854 88
454580 2417
61353 9682
49536 235649
86672 65141
177396 115279
244589 19912
210953 21451
421441 14572
15620 335977
174397 14454
202803 40279
6691 5206
181190 76340
393584 20729
369123 68278
76211 13811
195477 519
291773 2280
350145 35248
306591 353069
27017 640
369000 59915
37440 5137
367219 5188
386550 677
139233 317
384182 52514
285185 5193
118909 677
85337 28951
368359 68278
337097 50361
217474 11998
408327 64911
299748 24773
50249 55965
46217 23727
327909 68308
427824 140207
202099 79452
289204 349
238646 1253
146957 111139
198292 356
186630 135284
211314 5245
26537 2411
202073 519
20868 14454
208060 10914
386584 14571
90600 14682
224006 14557
178815 3465
263567 77656
339616 4893
309638 12510
50526 27976
28322 79423
79283 43709
182265 2342
343426 69779
59301 48066
295235 13249
424099 9964
202574 17004
120770 283
77548 26136
229529 1574
65862 13416
351608 94395
332837 4821
63733 6940
379672 40298
348355 31549
330871 33476
27868 677
97179 36558
39614 14543
87895 243697
26661 3343
223086 26900
86843 88
257190 33743
200351 3374
16707 10924
219121 995
323461 61287
81470 136111
84776 34071
349405 16699
194219 8005
243057 89010
829 572
180005 12687
350386 103986
420580 677
328628 57452
88667 38328
38535 7533
7420 369
375586 2055
169742 96622
152494 349
408660 40295
27497 117347
211556 1988
67518 191560
240331 404918
94088 8321
201015 245
242925 88
241140 11844
150704 250519
287672 14549
70410 677
226553 205
99344 205
426190 47175
265093 519
20326 100858
66089 118818
315998 57488
264777 8756
80206 17978
48908 2014
23373 16865
56438 58034
223429 2166
117924 40263
127872 138
230966 57543
46279 88
83377 31650
279880 4208
311162 323
200387 8
298378 104802
418029 283
155949 14813
109933 36638
423685 677
134048 167217
217984 88
203850 960
139144 27864
188384 9844
234366 30513
320045 7627
381455 679
195541 8391
334970 7590
152934 4433
87090 166334
143374 2014
418724 2668
361581 677
371055 18364
310932 32972
58104 34519
257705 5245
217317 99369
132880 3808
130644 6971
68231 5213
334106 35843
87373 6241
180223 220
353076 31957
9956 31650
319858 68278
76326 2662
384841 138
122075 59797
52212 59607
251359 14376
7741 36363
221069 17004
409300 9881
123417 1988
393442 2687
25099 1924
130451 16690
106784 147538
230748 59
399393 7533
46117 23498
301019 128779
156396 30569
96773 12767
229685 132690
107679 65382
1013 205
367146 26677
257769 6969
450131 44736
94242 12755
101151 59964
106568 138972
64476 103863
192655 8835
306646 188458
108562 3648
341871 64911
453143 138
97365 511
241363 3571
117251 6
441714 88
274183 294416
240066 26
190107 14075
146663 44968
121023 272915
119333 144099
346921 7533
399605 31949
75684 188655
221212 88
416680 14572
228201 1276
444773 183237
50235 88
236796 5716
299364 68278
73630 2166
413203 13799
143006 53801
350795 88
134133 93038
81396 6373
109961 65852
350393 14454
252550 252551
284794 67032
12315 23765
218408 1988
211992 8005
163069 60512
413751 14615
267537 10942
241414 296448
377695 38249
201812 14650
386225 88
402797 23956
57105 28092
136004 30208
33815 91
36890 5193
228465 677
209524 66090
329221 39511
74574 9964
37619 29750
161930 3232
247818 51742
188281 300498
61443 14682
337611 85437
77616 39420
413969 47794
285966 3298
303967 301
47250 55443
240806 2244
124052 10812
191951 370
353578 6948
430668 30578
290716 6948
402632 116388
339982 11792
164413 12841
273861 2353
256222 39524
43937 19913
150927 124244
112860 88
180550 7274
18383 10817
260522 28458
451278 122460
121735 131995
61459 33755
208794 88
169868 167962
425416 88
239012 6948
253741 6969
400496 91887
166562 1267
276875 68278
197444 3808
30455 118818
107548 24335
196412 16096
314199 6971
330071 76561
170031 153995
8821 88
80416 1988
109241 4446
24274 145639
86574 15461
343839 214
358075 9881
444605 5193
283512 24084
442649 88
235332 308
387999 7937
208553 36795
170675 5193
277819 19870
63592 5299
64540 56262
69554 39977
22557 4780
150720 96177
327804 166095
2813 114339
242548 101738
193274 105836
96174 4368
118424 67721
363610 34719
170182 81288
386244 1542
396933 12281
314738 33285
391503 30230
213252 1799
289037 21606
13364 31650
183375 3393
280431 35059
134785 88
384508 329175
142426 71277
36264 2417
208253 16344
266424 960
58082 16537
318655 2898
1001 47794
304223 19604
116001 677
390332 148415
48006 42275
187484 88
155794 245
237118 75039
143282 36567
337413 492
62325 2342
25654 105308
247610 249872
339032 28976
58264 110903
161910 17538
322136 3214
115175 38009
359806 7889
93069 2010
2736 383
95800 1134
305405 36840
154027 101854
9107 463
262607 58992
274962 23666
349903 248
306868 465
129866 111548
306483 12281
409183 85592
81490 289725
369023 54985
148955 130884
415253 9964
183207 88
69226 68099
36633 1681
35524 35555
30970 6971
138619 14549
9186 141628
75798 12022
329526 30230
111634 29230
265719 88
101108 14611
295686 23801
261028 3994
304320 177834
379264 268
453159 2567
69019 5948
350694 85592
362141 31248
180761 88
157685 43677
46804 39420
242924 485
125337 56065
441483 220
336886 336885
355073 9323
138769 13798
407358 75369
305222 136918
426445 6940
273832 206
261077 62125
192799 11792
154316 45082
281945 9323
45507 3393
236052 2696
148720 10809
322464 35353
33569 25482
74472 69417
138177 132690
140086 205
379276 85944
329886 29230
435442 220
404430 2870
361672 19159
277453 345587
364165 34268
85423 459
443471 47015
22821 80511
264683 1274
411386 57543
292202 236
68313 11991
389345 6948
82166 15769
450157 88
316523 234748
332525 114312
216369 35843
383746 14237
217264 6396
318270 8984
199312 143550
216008 3808
103053 54550
135428 8767
93770 96548
149853 2934
354913 88
182969 519
34944 39501
99765 14615
447848 9881
412363 4446
37946 4677
47220 2687
266795 28462
144664 6793
268073 97176
162682 3997
53467 50218
110120 45319
283044 88
456520 1553
1659 15538
138315 3998
26289 323
23584 86774
376922 22634
373253 36558
221155 352
47501 2280
21313 19
7057 126464
444187 245936
39057 39071
363947 12465
27779 182044
446039 68278
424923 677
123413 45895
271389 239782
68446 20295
389289 323241
150633 13633
421453 13808
222898 319348
119584 66516
119542 7533
289620 832
86032 140629
232469 14454
171037 15538
426646 2270
61217 51
117919 40297
46141 4899
367562 14572
427432 21949
280922 2060
7146 29176
124547 2156
154502 8
210613 1988
32803 48066
59112 3549
152430 24923
280798 9704
100378 7533
428930 324669
121463 69779
172794 4730
72588 37342
172992 3998
33974 7151
153825 12344
71650 3549
199426 759
254967 70014
101355 68729
312177 14572
248081 19
112258 519
43996 6940
286851 3237
269920 64159
301104 294416
155549 36875
38204 1134
7925 14454
210691 7594
216463 85113
20961 37532
394828 14564
26965 8465
400734 677
273619 7627
55735 6971
310777 35481
200195 4177
204925 145276
80493 65141
176630 210255
289720 37451
329867 3571
151202 19027
108843 90837
351669 150170
286534 1881
203742 349
260702 260701
136072 14549
385078 68278
10844 2138
291438 31304
122881 17706
88545 220
227951 1988
93732 2055
301974 49179
146946 12507
137352 8135
136400 189
73557 9107
180224 211
303510 5113
264963 57
262147 4526
149290 149287
300965 14454
340538 16344
363473 8767
335536 1267
97865 759
194215 138
206152 29099
140304 2417
330071 50297
219433 10694
429281 113099
80426 329707
384171 283
231817 301
191464 3549
233320 294416
318789 3393
223030 17004
76823 16177
195278 677
178310 677
376538 14625
433443 369
85337 27738
82276 14682
287004 61494
346946 47685
82872 4487
174862 24539
341116 1553
227327 12513
211732 37563
194316 658
194683 78993
258974 5245
337970 32972
208577 17004
44845 11103
18666 5393
134291 349
12751 13808
205456 19913
249845 349
364761 364760
211312 13416
12124 13136
436633 153223
231191 857
51195 201438
364445 7698
373010 373009
449203 45884
68381 70832
169372 14454
48595 3393
300276 957
89807 13811
240391 31957
294699 47175
277913 277915
375543 8767
137291 59027
251634 68278
188518 51804
121071 33354
186771 980
124356 20385
347167 37341
388316 6948
217197 4368
412229 291
334280 53976
149834 85735
98639 6940
191001 14588
104057 88
116149 80257
110519 279613
141398 39528
168394 4893
206354 38790
13720 26304
235197 32508
336683 6940
265598 6968
99393 1321
33616 1852
247227 88
170459 170466
285443 15538
376138 12465
137292 137321
49342 26479
130992 99369
163065 117956
55242 5160
431190 3549
10411 358
297202 40279
142721 23666
87899 38767
293694 9964
102806 1852
115186 283
109193 78468
395807 352
335503 14625
10284 160316
91812 11555
403072 34719
336460 34268
207938 53770
230225 11700
443182 5226
136841 1988
300140 4830
1282 17312
314509 35481
384493 8767
262667 138
17274 1163
259925 30021
64131 301
94733 40207
210602 14615
322371 20242
87691 41353
15421 1988
3640 792
441066 138
150358 3726
345090 56860
78660 1988
392442 69933
329900 171180
424730 250519
178302 50901
150043 34963
148898 3393
162331 91500
346493 311335
60349 81644
50243 37437
242080 52514
68696 64789
158388 14454
450078 14454
34790 677
410838 1897
8697 86706
455433 357
171102 231
19588 220
225506 4208
96224 138
310513 30876
392268 3233
70313 1284
300388 213
18310 12818
155057 222434
396279 57138
192404 7437
304328 308993
122051 157006
5595 857
377381 14549
402208 26550
185266 7960
242248 14454
196956 14549
131393 88
393757 957
319960 7639
112002 3477
222360 3549
3672 3629
21255 88
206788 71
166842 250519
443634 95905
104547 13249
410870 283
37975 31549
49028 327
25766 11597
114192 20050
58159 61130
318103 4652
181190 455295
422560 11364
3591 12983
103441 80360
205289 1988
44595 370
125489 13535
4537 4528
417135 417134
511 519
61868 13416
25198 3777
40467 14454
48040 124925
15410 2342
239359 16313
271800 236
221943 99369
405808 250519
193586 16715
132926 63115
207902 3998
176528 15489
53575 42182
234368 1988
145066 38077
120096 22991
240671 36795
222321 1988
398480 30799
348712 677
143555 9762
415857 12465
139580 88
143153 107266
68313 87442
135531 96888
67520 18915
103738 38695
183085 22926
21302 11436
278542 216
61940 702
212114 233114
205263 3571
328655 8135
270688 236
451621 50361
439712 68278
104468 2567
126572 349
260959 128559
242934 37832
167774 3549
242595 6948
422235 34306
27247 20385
145513 24272
88729 4974
378357 6948
454079 519
203736 28641
17024 16690
133581 1231
41153 155825
65226 63773
400100 75369
298905 109085
21015 58183
319508 383
103921 60686
425144 14648
341851 27366
331769 20982
69732 30230
256073 3549
336363 7698
154880 12281
362195 88
455781 79647
20104 12464
374265 6940
99022 19913
6218 519
73833 88
249453 3393
225560 85592
91900 11792
136251 40797
434214 7756
384380 3998
193869 88
378672 86337
370765 206
329600 8223
264062 21749
174131 174132
147095 1062
449771 677
102364 49159
85009 7568
53615 14075
7575 8714
67874 1988
288109 205
51081 3447
300360 4888
341831 188981
167 6308
244211 3998
197602 154254
202206 88
273456 19913
240968 677
436447 14454
299085 5245
108134 3547
154408 4895
133372 94997
371597 14454
131854 32373
36296 105339
420 8016
165884 68099
18097 227594
60040 14070
384788 44457
200704 357
245844 1988
214368 7436
163891 22734
256271 383
396775 677
12928 30075
246396 136490
227552 677
260590 12687
127783 195470
247014 88
145229 7592
59113 59109
269872 65301
79185 19604
280347 14600
363687 1276
210442 199523
103132 1267
113711 213
118737 159239
575 2572
206189 94
57448 27738
42884 4999
27694 349
188564 134514
239263 9919
76092 76105
424039 12465
117711 6961
259373 3298
306882 13765
241704 241703
86523 49122
94677 4427
338719 21749
212065 3549
30747 37532
114030 293120
167969 12490
337870 21018
150519 51463
13820 13879
180422 180421
107552 367
193526 37502
179789 511
391439 14454
66627 56728
204434 14454
46217 38448
46217 38449
393520 1298
340731 50282
74923 12818
82944 34268
120635 85844
175797 765
312095 174836
371476 16460
196074 31650
433416 59945
174522 113194
371835 96730
264714 30639
34313 61883
69011 17004
101906 26486
6463 979
5226 3547
151071 11946
194547 31310
57712 677
161353 2179
369441 325092
122774 48930
309146 215794
91095 46743
3391 8135
341379 349
343567 14454
119858 76789
340147 7533
152983 224068
367161 414618
67825 16011
435866 80257
286652 6124
186176 315722
429743 75846
25607 14870
436147 15
337978 3233
305084 114523
129648 8135
82344 10704
283726 88
197942 14887
61032 14577
280449 98983
68884 2342
197839 7783
164598 8021
76415 148272
121183 184378
424214 27744
3598 45129
183147 88
295253 39523
99092 14075
217229 1988
120896 26998
264588 7756
218421 205
220813 14454
220849 23663
287351 146284
396432 14572
64911 137746
455509 259362
43700 759
161431 142746
189827 3294
331230 212353
168478 21280
47238 2994
388635 20920
318598 4526
374788 82381
305675 130507
6712 93316
233331 294416
225270 438012
105739 38448
387802 88
385826 138
251512 523
420152 4336
116122 98324
153115 7592
25386 126242
229055 11410
361854 103612
340077 12281
297680 6971
134106 14454
76973 50883
335905 14611
68905 234772
16457 89573
208135 294416
143319 1231
55632 13416
312885 248626
172126 77572
122847 18168
81365 15821
62823 31650
184906 274
211076 298030
106132 91040
342501 174162
155860 79577
213360 216246
318684 6948
215982 1988
142324 4904
86853 13798
163826 349
93529 50250
92172 5226
423283 1274
203180 1988
74022 88
356438 294416
92434 63931
97689 2156
315429 4535
48450 51573
255810 6971
347630 88
31064 16441
147630 677
39875 37720
69745 14682
169024 17507
340446 37555
250401 287460
37282 12557
154198 4821
137249 137321
132466 88
151677 14454
337411 385352
301917 47015
254425 2934
277111 54039
330893 14682
69625 108298
395948 395947
169064 38260
194669 88
254522 189334
188169 5193
175349 31617
79524 38785
155113 47794
317924 20246
179692 204244
35039 122368
153265 1852
224293 406722
358412 53495
121541 11945
330842 68278
60217 3549
135051 14572
180569 1988
176751 45605
234877 14454
2090 1647
147516 84219
265791 12318
112232 1542
365152 16188
216885 156903
246125 31650
29391 2689
381659 6971
449752 45884
145472 14625
416107 3629
184841 38226
157103 2934
355164 95905
312928 50361
32337 13809
268441 50069
99060 21017
42593 4984
143871 42182
52840 101942
338553 7698
180692 9964
351434 31836
90629 16344
130673 3020
338518 7592
449550 36363
340519 519
26072 36093
455972 236
103836 14725
129182 4535
366860 14454
77997 88
78653 1988
682 85739
137453 189220
68758 61753
41500 150596
110982 358
153876 4652
68663 10369
309306 16978
219807 9905
72452 511
53346 28145
70256 7998
82700 1276
88515 35109
347974 9605
248772 519
376557 1988
160012 2157
179345 32137
190249 1988
4528 16641
195700 2347
120630 1858
447554 52514
106112 40558
434959 68278
239402 2572
246988 5071
402243 138
375095 46117
168291 168290
390522 12951
338573 66860
39053 88
303404 2347
38839 13165
116374 33181
22031 218653
215675 973
311226 59159
249481 89926
239900 88
39217 85042
107030 356264
9941 3972
387832 51747
3106 531
181979 31306
337854 291549
173292 15769
210749 88
31873 23801
338801 38817
444167 8
249652 265613
285494 17538
65168 6069
22523 13618
450315 16822
419468 2689
230146 64911
30615 41854
333674 138
163561 1852
441519 23807
395177 2347
326588 231650
75132 677
129711 57739
230135 3549
94769 143
376722 20522
190896 33303
381016 5226
154264 148294
357549 88
204549 88
127568 60447
134480 126126
175939 2010
282962 349931
331400 335
384801 308487
445138 8598
357489 35248
66746 48930
304175 140180
135022 489
176491 15538
205772 55779
163654 1988
335220 88
384607 314
322513 147175
20262 3808
392342 291
275993 14611
170862 98204
217751 11946
309288 39511
67994 39752
281306 91016
108629 213
404940 40279
22737 22814
52202 8135
258561 228
47494 9133
71245 10556
17317 4480
230075 53851
442642 14454
307947 225318
18889 40184
440682 351133
325196 42355
284612 14672
175960 25518
35950 11946
353815 36425
72743 19159
115127 9704
113633 39511
43685 59266
221465 1274
392604 114514
184690 98931
216718 14454
239005 6971
431909 9964
236692 17538
146279 192250
45641 14484
137587 19604
56633 16502
101201 14615
299985 960
216718 216719
172445 9881
214206 677
162830 8806
95826 233483
155416 29872
154537 6948
143402 60586
70500 39546
179038 3549
439689 68278
80156 76
306664 86674
210891 153874
191726 15
108472 14454
220824 59
11852 13813
229865 229861
144290 29221
411266 3237
12894 389
75344 22642
451909 23866
492 5280
334076 677
39229 179280
347454 239782
226878 4208
139910 79270
190129 13137
334360 357527
60587 20464
347913 12324
2402 87263
353963 157902
74130 33355
175366 73305
91441 2567
23270 2342
375290 58742
265815 138
38515 6928
9813 702
262237 4446
72973 13137
87841 98983
51189 11382
186793 123624
205399 4730
87477 24031
138739 12698
215486 233663
79822 228594
162297 48940
146945 12281
195050 56797
345745 35481
136505 7533
405907 69417
424667 101854
19757 19761
90578 34236
195816 154580
360855 206
118719 20244
353362 37532
253017 50361
21795 20663
107424 99505
102760 7785
110803 85098
321768 250519
19576 608
250693 129563
282859 283
427851 27145
200164 965
380957 93474
404333 228057
349829 179509
43492 37384
60995 35134
455801 759
328361 63758
8786 3571
101363 107482
132788 31975
335502 14648
8840 23524
222356 88367
52905 2160
273170 15
39919 4446
159445 36003
158308 12748
355680 3419
81994 73505
412673 8942
195846 5226
321818 52514
292120 18168
27990 34315
76395 74346
62315 14733
52408 3845
102685 87796
96366 5226
401705 7533
166664 76959
345573 334941
298181 365
391422 272589
222750 4730
284396 85042
178873 52395
86131 18076
331115 1988
290293 59
2242 505
136285 124534
226682 28462
372444 280
138892 217723
19845 2567
63169 74636
334367 14611
173753 18036
135390 71218
249165 322
312897 7698
317838 231560
229552 51742
177916 284555
9838 67194
133323 349
372861 35481
23254 30391
3489 9363
90518 14454
320057 60746
128 47998
60227 174825
144621 167882
302950 172088
88185 14454
91252 1988
305146 5245
348697 31957
208558 93479
266220 162672
453487 31650
217374 26807
106059 40220
196816 450510
204275 15769
201635 1988
87955 12281
302038 73940
420978 12755
128458 2858
212595 273779
251578 12266
136108 17930
406179 1267
42335 17939
175035 14877
414896 62217
277002 109369
172302 88
52855 38687
410320 140893
117527 24906
272731 88
201327 127465
382608 67774
414830 95925
347571 57128
25343 519
214036 197981
257042 257041
114187 27483
132707 63268
31171 11692
381466 3549
164557 88
23500 1343
179675 1542
380660 14572
309419 16460
56538 118818
124625 40275
158902 677
174277 243815
215404 1988
130761 63931
244255 68285
139311 222
218805 13416
416984 9905
17262 8942
429817 20103
193543 98430
94716 94725
356777 7533
157189 294416
164708 12947
287696 96622
17274 2107
301871 40608
309424 59159
241955 66066
284615 89926
152651 677
222932 88
168133 206
290112 383
44190 22849
33979 2567
153653 6940
238908 56968
343342 68278
282573 283
324017 39511
240104 43
318006 1373
14280 1134
407619 1503
121597 750
445276 31957
322215 69417
87658 11714
214188 76671
315664 88
165439 15
241791 4214
32839 88
297342 2348
70079 26812
377448 8
255984 17863
107135 88114
202831 15769